DATE,TOTAL CONFIRMED,NEW CASES,ACTIVE CASES,DEATHS,RECOVERED,DAILY DEATHS,DAILY RECOVERED
2/27/2020,1,1,1,0,0,0,0
2/28/2020,1,0,1,0,0,0,0
2/29/2020,1,0,1,0,0,0,0
3/1/2020,1,0,1,0,0,0,0
3/2/2020,1,0,1,0,0,0,0
3/3/2020,1,0,1,0,0,0,0
3/4/2020,1,0,1,0,0,0,0
3/5/2020,1,0,1,0,0,0,0
3/6/2020,1,0,1,0,0,0,0
3/7/2020,1,0,1,0,0,0,0
3/8/2020,1,0,1,0,0,0,0
3/9/2020,2,1,2,0,0,0,0
3/10/2020,2,0,2,0,0,0,0
3/11/2020,2,0,2,0,0,0,0
3/12/2020,2,0,2,0,0,0,0
3/13/2020,2,0,1,0,1,0,1
3/14/2020,2,0,1,0,1,0,0
3/15/2020,2,0,1,0,1,0,0
3/16/2020,3,1,2,0,1,0,0
3/17/2020,3,0,2,0,1,0,0
3/18/2020,8,5,7,0,1,0,0
3/19/2020,12,4,11,0,1,0,0
3/20/2020,12,0,11,0,1,0,0
3/21/2020,22,10,20,0,2,0,1
3/22/2020,30,8,28,0,2,0,0
3/23/2020,40,10,37,1,2,1,0
3/24/2020,44,4,41,1,2,0,0
3/25/2020,51,7,48,1,2,0,0
3/26/2020,65,14,61,1,3,0,1
3/27/2020,81,16,77,1,3,0,0
3/28/2020,97,16,93,1,3,0,0
3/29/2020,111,14,107,1,3,0,0
3/30/2020,131,20,121,2,8,1,5
3/31/2020,139,8,128,2,9,0,1
4/1/2020,174,35,163,2,9,0,0
4/2/2020,184,10,162,2,20,0,11
4/3/2020,209,25,180,4,25,2,5
4/4/2020,214,5,185,4,25,0,0
4/5/2020,232,18,194,5,33,1,8
4/6/2020,238,6,198,5,35,0,2
4/7/2020,254,16,204,6,44,1,9
4/8/2020,276,22,226,6,44,0,0
4/9/2020,288,14,230,7,51,1,7
4/10/2020,305,17,240,7,58,0,7
4/11/2020,318,13,238,10,70,3,12
4/12/2020,323,5,228,10,85,0,15
4/13/2020,343,20,242,10,91,0,6
4/14/2020,373,30,263,11,99,1,8
4/15/2020,407,34,267,12,128,1,29
4/16/2020,442,35,277,13,152,1,24
4/17/2020,493,51,317,17,159,4,7
4/18/2020,541,48,356,19,166,2,7
4/19/2020,627,86,436,21,170,2,4
4/20/2020,665,38,455,22,188,1,18
4/21/2020,782,117,560,25,197,3,9
4/22/2020,873,91,648,28,197,3,0
4/23/2020,981,108,753,31,197,3,0
4/24/2020,1095,114,855,32,208,1,11
4/25/2020,1182,87,925,35,222,3,14
4/26/2020,1273,91,994,40,239,5,17
4/27/2020,1337,64,1042,40,255,0,16
4/28/2020,1532,195,1233,44,255,4,0
4/29/2020,1728,196,1370,51,307,7,52
4/30/2020,1932,204,1555,58,319,7,12
5/1/2020,2168,236,1749,68,351,10,32
5/2/2020,2388,220,1918,85,385,17,34
5/3/2020,2557,169,2070,87,400,2,15
5/4/2020,2802,245,2292,93,417,6,17
5/5/2020,2950,148,2371,98,481,5,64
5/6/2020,3145,195,2508,103,534,5,53
5/7/2020,3526,381,2818,107,601,4,67
5/8/2020,3912,386,3116,117,679,10,78
5/9/2020,4151,239,3278,128,745,11,66
5/10/2020,4399,248,3478,143,778,15,33
5/11/2020,4641,242,3589,150,902,7,124
5/12/2020,4787,146,3670,158,959,8,57
5/13/2020,4969,182,3735,164,1070,6,111
5/14/2020,5157,188,3810,167,1180,3,110
5/15/2020,5445,288,3954,171,1320,4,140
5/16/2020,5621,176,3973,176,1472,5,152
5/17/2020,5959,338,4183,182,1594,6,122
5/18/2020,6167,208,4332,191,1644,9,50
5/19/2020,6393,226,4467,192,1734,1,90
5/20/2020,6677,284,4615,202,1860,10,126
5/21/2020,7016,339,4898,211,1907,9,47
5/22/2020,7261,245,5033,221,2007,10,100
5/23/2020,7526,265,5131,221,2174,0,167
5/24/2020,7839,313,5350,226,2263,5,89
5/25/2020,8068,229,5524,233,2311,7,48
5/26/2020,8344,276,5710,249,2385,16,74
5/27/2020,8733,389,5978,254,2501,5,116
5/28/2020,8915,182,6064,259,2592,5,91
5/29/2020,9302,387,6344,261,2697,2,105
5/30/2020,9855,553,6726,273,2856,12,159
5/31/2020,10162,307,6868,287,3007,14,151
6/1/2020,10578,416,7157,299,3122,12,115
6/2/2020,10819,241,7266,314,3239,15,117
6/3/2020,11166,347,7522,315,3329,1,90
6/4/2020,11516,350,7658,323,3535,8,206
6/5/2020,11844,328,7815,333,3696,10,161
6/6/2020,12233,389,8065,342,3826,9,130
6/7/2020,12486,253,8173,354,3959,12,133
6/8/2020,12801,315,8400,361,4040,7,81
6/9/2020,13464,663,8893,365,4206,4,166
6/10/2020,13873,409,9140,382,4351,17,145
6/11/2020,14554,681,9673,387,4494,5,143
6/12/2020,15181,627,9891,399,4891,12,397
6/13/2020,15682,501,10174,407,5101,8,210
6/14/2020,16085,403,10445,420,5220,13,119
6/15/2020,16658,573,10885,424,5349,4,129
6/16/2020,17148,490,11070,455,5623,31,274
6/17/2020,17735,587,11299,469,5967,14,344
6/18/2020,18480,745,11698,475,6307,6,340
6/19/2020,19147,667,12079,487,6581,12,274
6/20/2020,19808,661,12584,506,6718,19,137
6/21/2020,20244,436,12847,518,6879,12,161
6/22/2020,20919,675,13285,525,7109,7,230
6/23/2020,21371,452,13500,533,7338,8,229
6/24/2020,22020,649,13865,542,7613,9,275
6/25/2020,22614,594,14243,549,7822,7,209
6/26/2020,23298,684,14491,554,8253,5,431
6/27/2020,24077,779,14894,558,8625,4,372
6/28/2020,24567,490,14995,565,9007,7,382
6/29/2020,25133,566,15158,573,9402,8,395
6/30/2020,25694,561,15358,590,9746,17,344
7/1/2020,26484,790,15729,603,10152,13,406
7/2/2020,27110,626,15693,616,10801,13,649
7/3/2020,27564,454,15867,628,11069,12,268
7/4/2020,28167,603,16071,634,11462,6,393
7/5/2020,28711,544,16401,645,11665,11,203
7/6/2020,29281,570,16803,653,11825,8,160
7/7/2020,29789,508,17012,669,12108,16,283
7/8/2020,30249,460,17195,684,12370,15,262
7/9/2020,30748,499,17513,689,12546,5,176
7/10/2020,31323,575,17819,709,12795,20,249
7/11/2020,31987,664,18160,724,13103,15,308
7/12/2020,32558,571,18371,740,13447,16,344
7/13/2020,33153,595,18738,744,13671,4,224
7/14/2020,33616,463,19070,754,13792,10,121
7/15/2020,34259,643,19500,760,13999,6,207
7/16/2020,34854,595,19793,769,14292,9,293
7/17/2020,35454,600,20049,772,14633,3,341
7/18/2020,36107,653,20391,778,14938,6,305
7/19/2020,36663,556,20769,789,15105,11,167
7/20/2020,37225,562,21091,801,15333,12,228
7/21/2020,37801,576,21319,805,15677,4,344
7/22/2020,38344,543,21716,813,15815,8,138
7/23/2020,38948,604,22054,833,16061,20,246
7/24/2020,39539,591,22135,845,16559,12,498
7/25/2020,39977,438,22173,856,16948,11,389
7/26/2020,40532,555,22300,858,17374,2,426
7/27/2020,41180,648,22117,860,18203,2,829
7/28/2020,41804,624,22172,868,18764,8,561
7/29/2020,42208,404,22331,873,19004,5,240
7/30/2020,42689,481,22541,878,19270,5,266
7/31/2020,43151,462,22707,879,19565,1,295
8/1/2020,43537,386,22567,883,20087,4,522
8/2/2020,43841,304,22645,888,20308,5,221
8/3/2020,44129,288,22570,896,20663,8,355
8/4/2020,44433,304,11672,910,31851,14,11188
8/5/2020,44890,457,11798,927,32165,17,314
8/6/2020,45244,354,11884,930,32430,3,265
8/7/2020,45687,443,12114,936,32637,6,207
8/8/2020,46140,453,12154,942,33044,6,407
8/9/2020,46577,437,12446,945,33186,3,142
8/10/2020,46867,290,12571,950,33346,5,160
8/11/2020,47290,423,12725,956,33609,6,263
8/12/2020,47743,453,12844,956,33943,0,334
8/13/2020,48116,373,12841,966,34309,10,366
8/14/2020,48445,329,11474,973,35998,7,1689
8/15/2020,48770,325,11506,974,36290,1,292
8/16/2020,49068,298,11596,975,36497,1,207
8/17/2020,49485,417,11674,977,36834,2,337
8/18/2020,49895,410,11891,981,37023,4,189
8/19/2020,50488,593,12199,985,37304,4,281
8/20/2020,50964,476,12403,992,37569,7,265
8/21/2020,51304,340,12423,996,37885,4,316
8/22/2020,51905,601,12141,997,38767,1,882
8/23/2020,52227,322,12280,1002,38945,5,178
8/24/2020,52548,321,12287,1004,39257,2,312
8/25/2020,52800,252,11829,1007,39964,3,707
8/26/2020,53021,221,11730,1010,40281,3,317
8/27/2020,53317,296,11580,1011,40726,1,445
8/28/2020,53477,160,11449,1011,41017,0,291
8/29/2020,53727,250,11402,1011,41314,0,297
8/30/2020,53865,138,11339,1013,41513,2,199
8/31/2020,54008,143,11357,1013,41638,0,125
9/1/2020,54247,239,11214,1023,42010,10,372
9/2/2020,54463,216,10997,1027,42439,4,429
9/3/2020,54587,124,10912,1048,42627,21,188
9/4/2020,54743,156,10876,1051,42816,3,189
9/5/2020,54905,162,10929,1054,42922,3,106
9/6/2020,55005,100,10935,1057,43013,3,91
9/7/2020,55160,155,10868,1061,43231,4,218
9/8/2020,55456,296,11055,1067,43334,6,103
9/9/2020,55632,176,10952,1070,43610,3,276
9/10/2020,55829,197,10943,1075,43810,5,200
9/11/2020,56017,188,10943,1076,43998,1,188
09/12/2020,56177,160,11011,1078,44088,2,90
09/13/2020,56256,79,11022,1082,44152,4,64
09/14/2020,56388,132,10968,1083,44337,1,185
09/15/2020,56478,90,10960,1088,44430,5,93
09/16/2020,56604,126,7641,1091,47872,3,3442
09/17/2020,56735,131,7550,1093,48092,2,220
09/18/2020,56956,221,7557,1094,48305,1,213
09/19/2020,57145,189,7619,1095,48431,1,126
09/20/2020,57242,97,7575,1098,48569,3,138
09/21/2020,57437,195,7663,1100,48674,2,105
09/22/2020,57613,176,7677,1100,48836,0,162
09/23/2020,57724,111,7637,1102,48985,2,149
09/24/2020,57849,125,7649,1102,49098,0,113
09/25/2020,58062,213,7353,1103,49606,1,508
